0.000000 0.000000 0.318914 
0.000000 1.000000 0.637828 
0.000000 2.000000 0.956549 
0.000000 3.000000 1.274497 
0.000000 4.000000 1.590515 
0.000000 5.000000 1.902686 
0.000000 6.000000 2.208181 
0.000000 7.000000 2.503142 
0.000000 8.000000 2.782657 
0.000000 9.000000 3.040840 
0.000000 10.000000 3.271070 
0.000000 11.000000 3.466385 
0.000000 12.000000 3.620042 
0.000000 13.000000 3.726165 
0.000000 14.000000 3.780390 
0.000000 15.000000 3.780390 
0.000000 16.000000 3.726165 
0.000000 17.000000 3.620042 
0.000000 18.000000 3.466385 
0.000000 19.000000 3.271070 
0.000000 20.000000 3.040840 
0.000000 21.000000 2.782657 
0.000000 22.000000 2.503142 
0.000000 23.000000 2.208181 
0.000000 24.000000 1.902686 
0.000000 25.000000 1.590515 
0.000000 26.000000 1.274497 
0.000000 27.000000 0.956549 
0.000000 28.000000 0.637828 
0.000000 29.000000 0.318914 
1.000000 0.000000 0.637828 
1.000000 1.000000 1.275850 
1.000000 2.000000 1.913872 
1.000000 3.000000 2.550925 
1.000000 4.000000 3.184876 
1.000000 5.000000 3.812050 
1.000000 6.000000 4.426896 
1.000000 7.000000 5.021730 
1.000000 8.000000 5.586644 
1.000000 9.000000 6.109634 
1.000000 10.000000 6.577054 
1.000000 11.000000 6.974428 
1.000000 12.000000 7.287620 
1.000000 13.000000 7.504228 
1.000000 14.000000 7.615006 
1.000000 15.000000 7.615006 
1.000000 16.000000 7.504228 
1.000000 17.000000 7.287620 
1.000000 18.000000 6.974428 
1.000000 19.000000 6.577054 
1.000000 20.000000 6.109634 
1.000000 21.000000 5.586644 
1.000000 22.000000 5.021730 
1.000000 23.000000 4.426896 
1.000000 24.000000 3.812050 
1.000000 25.000000 3.184876 
1.000000 26.000000 2.550925 
1.000000 27.000000 1.913872 
1.000000 28.000000 1.275850 
1.000000 29.000000 0.637828 
2.000000 0.000000 0.956549 
2.000000 1.000000 1.913872 
2.000000 2.000000 2.872163 
2.000000 3.000000 3.830454 
2.000000 4.000000 4.786013 
2.000000 5.000000 5.733743 
2.000000 6.000000 6.665621 
2.000000 7.000000 7.570239 
2.000000 8.000000 8.432555 
2.000000 9.000000 9.233999 
2.000000 10.000000 9.953083 
2.000000 11.000000 10.566654 
2.000000 12.000000 11.051779 
2.000000 13.000000 11.388123 
2.000000 14.000000 11.560398 
2.000000 15.000000 11.560398 
2.000000 16.000000 11.388123 
2.000000 17.000000 11.051779 
2.000000 18.000000 10.566654 
2.000000 19.000000 9.953083 
2.000000 20.000000 9.233999 
2.000000 21.000000 8.432555 
2.000000 22.000000 7.570239 
2.000000 23.000000 6.665621 
2.000000 24.000000 5.733743 
2.000000 25.000000 4.786013 
2.000000 26.000000 3.830454 
2.000000 27.000000 2.872163 
2.000000 28.000000 1.913872 
2.000000 29.000000 0.956549 
3.000000 0.000000 1.274497 
3.000000 1.000000 2.550925 
3.000000 2.000000 3.830454 
3.000000 3.000000 5.112717 
3.000000 4.000000 6.394979 
3.000000 5.000000 7.671287 
3.000000 6.000000 8.931606 
3.000000 7.000000 10.161051 
3.000000 8.000000 11.339340 
3.000000 9.000000 12.440722 
3.000000 10.000000 13.434626 
3.000000 11.000000 14.287324 
3.000000 12.000000 14.964722 
3.000000 13.000000 15.436085 
3.000000 14.000000 15.678067 
3.000000 15.000000 15.678067 
3.000000 16.000000 15.436085 
3.000000 17.000000 14.964722 
3.000000 18.000000 14.287324 
3.000000 19.000000 13.434626 
3.000000 20.000000 12.440722 
3.000000 21.000000 11.339340 
3.000000 22.000000 10.161051 
3.000000 23.000000 8.931606 
3.000000 24.000000 7.671287 
3.000000 25.000000 6.394979 
3.000000 26.000000 5.112717 
3.000000 27.000000 3.830454 
3.000000 28.000000 2.550925 
3.000000 29.000000 1.274497 
4.000000 0.000000 1.590515 
4.000000 1.000000 3.184876 
4.000000 2.000000 4.786013 
4.000000 3.000000 6.394979 
4.000000 4.000000 8.009899 
4.000000 5.000000 9.624819 
4.000000 6.000000 11.228467 
4.000000 7.000000 12.803017 
4.000000 8.000000 14.323031 
4.000000 9.000000 15.754923 
4.000000 10.000000 17.057375 
4.000000 11.000000 18.183295 
4.000000 12.000000 19.083698 
4.000000 13.000000 19.713429 
4.000000 14.000000 20.037717 
4.000000 15.000000 20.037717 
4.000000 16.000000 19.713429 
4.000000 17.000000 19.083698 
4.000000 18.000000 18.183295 
4.000000 19.000000 17.057375 
4.000000 20.000000 15.754923 
4.000000 21.000000 14.323031 
4.000000 22.000000 12.803017 
4.000000 23.000000 11.228467 
4.000000 24.000000 9.624819 
4.000000 25.000000 8.009899 
4.000000 26.000000 6.394979 
4.000000 27.000000 4.786013 
4.000000 28.000000 3.184876 
4.000000 29.000000 1.590515 
5.000000 0.000000 1.902686 
5.000000 1.000000 3.812050 
5.000000 2.000000 5.733743 
5.000000 3.000000 7.671287 
5.000000 4.000000 9.624819 
5.000000 5.000000 11.589623 
5.000000 6.000000 13.554428 
5.000000 7.000000 15.499517 
5.000000 8.000000 17.394847 
5.000000 9.000000 19.198563 
5.000000 10.000000 20.856656 
5.000000 11.000000 22.304784 
5.000000 12.000000 23.473346 
5.000000 13.000000 24.296217 
5.000000 14.000000 24.721654 
5.000000 15.000000 24.721654 
5.000000 16.000000 24.296217 
5.000000 17.000000 23.473346 
5.000000 18.000000 22.304784 
5.000000 19.000000 20.856656 
5.000000 20.000000 19.198563 
5.000000 21.000000 17.394847 
5.000000 22.000000 15.499517 
5.000000 23.000000 13.554428 
5.000000 24.000000 11.589623 
5.000000 25.000000 9.624819 
5.000000 26.000000 7.671287 
5.000000 27.000000 5.733743 
5.000000 28.000000 3.812050 
5.000000 29.000000 1.902686 
6.000000 0.000000 2.208181 
6.000000 1.000000 4.426896 
6.000000 2.000000 6.665621 
6.000000 3.000000 8.931606 
6.000000 4.000000 11.228467 
6.000000 5.000000 13.554428 
6.000000 6.000000 15.900103 
6.000000 7.000000 18.245777 
6.000000 8.000000 20.558275 
6.000000 9.000000 22.787825 
6.000000 10.000000 24.865903 
6.000000 11.000000 26.705837 
6.000000 12.000000 28.208687 
6.000000 13.000000 29.276438 
6.000000 14.000000 29.831028 
6.000000 15.000000 29.831028 
6.000000 16.000000 29.276438 
6.000000 17.000000 28.208687 
6.000000 18.000000 26.705837 
6.000000 19.000000 24.865903 
6.000000 20.000000 22.787825 
6.000000 21.000000 20.558275 
6.000000 22.000000 18.245777 
6.000000 23.000000 15.900103 
6.000000 24.000000 13.554428 
6.000000 25.000000 11.228467 
6.000000 26.000000 8.931606 
6.000000 27.000000 6.665621 
6.000000 28.000000 4.426896 
6.000000 29.000000 2.208181 
7.000000 0.000000 2.503142 
7.000000 1.000000 5.021730 
7.000000 2.000000 7.570239 
7.000000 3.000000 10.161051 
7.000000 4.000000 12.803017 
7.000000 5.000000 15.499517 
7.000000 6.000000 18.245777 
7.000000 7.000000 21.025215 
7.000000 8.000000 23.804652 
7.000000 9.000000 26.528559 
7.000000 10.000000 29.113294 
7.000000 11.000000 31.443975 
7.000000 12.000000 33.379125 
7.000000 13.000000 34.769821 
7.000000 14.000000 35.494993 
7.000000 15.000000 35.494993 
7.000000 16.000000 34.769821 
7.000000 17.000000 33.379125 
7.000000 18.000000 31.443975 
7.000000 19.000000 29.113294 
7.000000 20.000000 26.528559 
7.000000 21.000000 23.804652 
7.000000 22.000000 21.025215 
7.000000 23.000000 18.245777 
7.000000 24.000000 15.499517 
7.000000 25.000000 12.803017 
7.000000 26.000000 10.161051 
7.000000 27.000000 7.570239 
7.000000 28.000000 5.021730 
7.000000 29.000000 2.503142 
8.000000 0.000000 2.782657 
8.000000 1.000000 5.586644 
8.000000 2.000000 8.432555 
8.000000 3.000000 11.339340 
8.000000 4.000000 14.323031 
8.000000 5.000000 17.394847 
8.000000 6.000000 20.558275 
8.000000 7.000000 23.804652 
8.000000 8.000000 27.106559 
8.000000 9.000000 30.408466 
8.000000 10.000000 33.614739 
8.000000 11.000000 36.577645 
8.000000 12.000000 39.094015 
8.000000 13.000000 40.928728 
8.000000 14.000000 41.884130 
8.000000 15.000000 41.884130 
8.000000 16.000000 40.928728 
8.000000 17.000000 39.094015 
8.000000 18.000000 36.577645 
8.000000 19.000000 33.614739 
8.000000 20.000000 30.408466 
8.000000 21.000000 27.106559 
8.000000 22.000000 23.804652 
8.000000 23.000000 20.558275 
8.000000 24.000000 17.394847 
8.000000 25.000000 14.323031 
8.000000 26.000000 11.339340 
8.000000 27.000000 8.432555 
8.000000 28.000000 5.586644 
8.000000 29.000000 2.782657 
9.000000 0.000000 3.040840 
9.000000 1.000000 6.109634 
9.000000 2.000000 9.233999 
9.000000 3.000000 12.440722 
9.000000 4.000000 15.754923 
9.000000 5.000000 19.198563 
9.000000 6.000000 22.787825 
9.000000 7.000000 26.528559 
9.000000 8.000000 30.408466 
9.000000 9.000000 34.384008 
9.000000 10.000000 38.359549 
9.000000 11.000000 42.157852 
9.000000 12.000000 45.490564 
9.000000 13.000000 47.966945 
9.000000 14.000000 49.228668 
9.000000 15.000000 49.228668 
9.000000 16.000000 47.966945 
9.000000 17.000000 45.490564 
9.000000 18.000000 42.157852 
9.000000 19.000000 38.359549 
9.000000 20.000000 34.384008 
9.000000 21.000000 30.408466 
9.000000 22.000000 26.528559 
9.000000 23.000000 22.787825 
9.000000 24.000000 19.198563 
9.000000 25.000000 15.754923 
9.000000 26.000000 12.440722 
9.000000 27.000000 9.233999 
9.000000 28.000000 6.109634 
9.000000 29.000000 3.040840 
10.000000 0.000000 3.271070 
10.000000 1.000000 6.577054 
10.000000 2.000000 9.953083 
10.000000 3.000000 13.434626 
10.000000 4.000000 17.057375 
10.000000 5.000000 20.856656 
10.000000 6.000000 24.865903 
10.000000 7.000000 29.113294 
10.000000 8.000000 33.614739 
10.000000 9.000000 38.359549 
10.000000 10.000000 43.281598 
10.000000 11.000000 48.203648 
10.000000 12.000000 52.743445 
10.000000 13.000000 56.219821 
10.000000 14.000000 57.834929 
10.000000 15.000000 57.834929 
10.000000 16.000000 56.219821 
10.000000 17.000000 52.743445 
10.000000 18.000000 48.203648 
10.000000 19.000000 43.281598 
10.000000 20.000000 38.359549 
10.000000 21.000000 33.614739 
10.000000 22.000000 29.113294 
10.000000 23.000000 24.865903 
10.000000 24.000000 20.856656 
10.000000 25.000000 17.057375 
10.000000 26.000000 13.434626 
10.000000 27.000000 9.953083 
10.000000 28.000000 6.577054 
10.000000 29.000000 3.271070 
11.000000 0.000000 3.466385 
11.000000 1.000000 6.974428 
11.000000 2.000000 10.566654 
11.000000 3.000000 14.287324 
11.000000 4.000000 18.183295 
11.000000 5.000000 22.304784 
11.000000 6.000000 26.705837 
11.000000 7.000000 31.443975 
11.000000 8.000000 36.577645 
11.000000 9.000000 42.157852 
11.000000 10.000000 48.203648 
11.000000 11.000000 54.631696 
11.000000 12.000000 61.059745 
11.000000 13.000000 66.333966 
11.000000 14.000000 68.056299 
11.000000 15.000000 68.056299 
11.000000 16.000000 66.333966 
11.000000 17.000000 61.059745 
11.000000 18.000000 54.631696 
11.000000 19.000000 48.203648 
11.000000 20.000000 42.157852 
11.000000 21.000000 36.577645 
11.000000 22.000000 31.443975 
11.000000 23.000000 26.705837 
11.000000 24.000000 22.304784 
11.000000 25.000000 18.183295 
11.000000 26.000000 14.287324 
11.000000 27.000000 10.566654 
11.000000 28.000000 6.974428 
11.000000 29.000000 3.466385 
12.000000 0.000000 3.620042 
12.000000 1.000000 7.287620 
12.000000 2.000000 11.051779 
12.000000 3.000000 14.964722 
12.000000 4.000000 19.083698 
12.000000 5.000000 23.473346 
12.000000 6.000000 28.208687 
12.000000 7.000000 33.379125 
12.000000 8.000000 39.094015 
12.000000 9.000000 45.490564 
12.000000 10.000000 52.743445 
12.000000 11.000000 61.059745 
12.000000 12.000000 70.529872 
12.000000 13.000000 80.000000 
12.000000 14.000000 80.000000 
12.000000 15.000000 80.000000 
12.000000 16.000000 80.000000 
12.000000 17.000000 70.529872 
12.000000 18.000000 61.059745 
12.000000 19.000000 52.743445 
12.000000 20.000000 45.490564 
12.000000 21.000000 39.094015 
12.000000 22.000000 33.379125 
12.000000 23.000000 28.208687 
12.000000 24.000000 23.473346 
12.000000 25.000000 19.083698 
12.000000 26.000000 14.964722 
12.000000 27.000000 11.051779 
12.000000 28.000000 7.287620 
12.000000 29.000000 3.620042 
13.000000 0.000000 3.726165 
13.000000 1.000000 7.504228 
13.000000 2.000000 11.388123 
13.000000 3.000000 15.436085 
13.000000 4.000000 19.713429 
13.000000 5.000000 24.296217 
13.000000 6.000000 29.276438 
13.000000 7.000000 34.769821 
13.000000 8.000000 40.928728 
13.000000 9.000000 47.966945 
13.000000 10.000000 56.219821 
13.000000 11.000000 66.333966 
13.000000 12.000000 80.000000 
13.000000 13.000000 80.000000 
13.000000 14.000000 80.000000 
13.000000 15.000000 80.000000 
13.000000 16.000000 80.000000 
13.000000 17.000000 80.000000 
13.000000 18.000000 66.333966 
13.000000 19.000000 56.219821 
13.000000 20.000000 47.966945 
13.000000 21.000000 40.928728 
13.000000 22.000000 34.769821 
13.000000 23.000000 29.276438 
13.000000 24.000000 24.296217 
13.000000 25.000000 19.713429 
13.000000 26.000000 15.436085 
13.000000 27.000000 11.388123 
13.000000 28.000000 7.504228 
13.000000 29.000000 3.726165 
14.000000 0.000000 3.780390 
14.000000 1.000000 7.615006 
14.000000 2.000000 11.560398 
14.000000 3.000000 15.678067 
14.000000 4.000000 20.037717 
14.000000 5.000000 24.721654 
14.000000 6.000000 29.831028 
14.000000 7.000000 35.494993 
14.000000 8.000000 41.884130 
14.000000 9.000000 49.228668 
14.000000 10.000000 57.834929 
14.000000 11.000000 68.056299 
14.000000 12.000000 80.000000 
14.000000 13.000000 80.000000 
14.000000 14.000000 80.000000 
14.000000 15.000000 80.000000 
14.000000 16.000000 80.000000 
14.000000 17.000000 80.000000 
14.000000 18.000000 68.056299 
14.000000 19.000000 57.834929 
14.000000 20.000000 49.228668 
14.000000 21.000000 41.884130 
14.000000 22.000000 35.494993 
14.000000 23.000000 29.831028 
14.000000 24.000000 24.721654 
14.000000 25.000000 20.037717 
14.000000 26.000000 15.678067 
14.000000 27.000000 11.560398 
14.000000 28.000000 7.615006 
14.000000 29.000000 3.780390 
15.000000 0.000000 3.780390 
15.000000 1.000000 7.615006 
15.000000 2.000000 11.560398 
15.000000 3.000000 15.678067 
15.000000 4.000000 20.037717 
15.000000 5.000000 24.721654 
15.000000 6.000000 29.831028 
15.000000 7.000000 35.494993 
15.000000 8.000000 41.884130 
15.000000 9.000000 49.228668 
15.000000 10.000000 57.834929 
15.000000 11.000000 68.056299 
15.000000 12.000000 80.000000 
15.000000 13.000000 80.000000 
15.000000 14.000000 80.000000 
15.000000 15.000000 80.000000 
15.000000 16.000000 80.000000 
15.000000 17.000000 80.000000 
15.000000 18.000000 68.056299 
15.000000 19.000000 57.834929 
15.000000 20.000000 49.228668 
15.000000 21.000000 41.884130 
15.000000 22.000000 35.494993 
15.000000 23.000000 29.831028 
15.000000 24.000000 24.721654 
15.000000 25.000000 20.037717 
15.000000 26.000000 15.678067 
15.000000 27.000000 11.560398 
15.000000 28.000000 7.615006 
15.000000 29.000000 3.780390 
16.000000 0.000000 3.726165 
16.000000 1.000000 7.504228 
16.000000 2.000000 11.388123 
16.000000 3.000000 15.436085 
16.000000 4.000000 19.713429 
16.000000 5.000000 24.296217 
16.000000 6.000000 29.276438 
16.000000 7.000000 34.769821 
16.000000 8.000000 40.928728 
16.000000 9.000000 47.966945 
16.000000 10.000000 56.219821 
16.000000 11.000000 66.333966 
16.000000 12.000000 80.000000 
16.000000 13.000000 80.000000 
16.000000 14.000000 80.000000 
16.000000 15.000000 80.000000 
16.000000 16.000000 80.000000 
16.000000 17.000000 80.000000 
16.000000 18.000000 66.333966 
16.000000 19.000000 56.219821 
16.000000 20.000000 47.966945 
16.000000 21.000000 40.928728 
16.000000 22.000000 34.769821 
16.000000 23.000000 29.276438 
16.000000 24.000000 24.296217 
16.000000 25.000000 19.713429 
16.000000 26.000000 15.436085 
16.000000 27.000000 11.388123 
16.000000 28.000000 7.504228 
16.000000 29.000000 3.726165 
17.000000 0.000000 3.620042 
17.000000 1.000000 7.287620 
17.000000 2.000000 11.051779 
17.000000 3.000000 14.964722 
17.000000 4.000000 19.083698 
17.000000 5.000000 23.473346 
17.000000 6.000000 28.208687 
17.000000 7.000000 33.379125 
17.000000 8.000000 39.094015 
17.000000 9.000000 45.490564 
17.000000 10.000000 52.743445 
17.000000 11.000000 61.059745 
17.000000 12.000000 70.529872 
17.000000 13.000000 80.000000 
17.000000 14.000000 80.000000 
17.000000 15.000000 80.000000 
17.000000 16.000000 80.000000 
17.000000 17.000000 70.529872 
17.000000 18.000000 61.059745 
17.000000 19.000000 52.743445 
17.000000 20.000000 45.490564 
17.000000 21.000000 39.094015 
17.000000 22.000000 33.379125 
17.000000 23.000000 28.208687 
17.000000 24.000000 23.473346 
17.000000 25.000000 19.083698 
17.000000 26.000000 14.964722 
17.000000 27.000000 11.051779 
17.000000 28.000000 7.287620 
17.000000 29.000000 3.620042 
18.000000 0.000000 3.466385 
18.000000 1.000000 6.974428 
18.000000 2.000000 10.566654 
18.000000 3.000000 14.287324 
18.000000 4.000000 18.183295 
18.000000 5.000000 22.304784 
18.000000 6.000000 26.705837 
18.000000 7.000000 31.443975 
18.000000 8.000000 36.577645 
18.000000 9.000000 42.157852 
18.000000 10.000000 48.203648 
18.000000 11.000000 54.631696 
18.000000 12.000000 61.059745 
18.000000 13.000000 66.333966 
18.000000 14.000000 68.056299 
18.000000 15.000000 68.056299 
18.000000 16.000000 66.333966 
18.000000 17.000000 61.059745 
18.000000 18.000000 54.631696 
18.000000 19.000000 48.203648 
18.000000 20.000000 42.157852 
18.000000 21.000000 36.577645 
18.000000 22.000000 31.443975 
18.000000 23.000000 26.705837 
18.000000 24.000000 22.304784 
18.000000 25.000000 18.183295 
18.000000 26.000000 14.287324 
18.000000 27.000000 10.566654 
18.000000 28.000000 6.974428 
18.000000 29.000000 3.466385 
19.000000 0.000000 3.271070 
19.000000 1.000000 6.577054 
19.000000 2.000000 9.953083 
19.000000 3.000000 13.434626 
19.000000 4.000000 17.057375 
19.000000 5.000000 20.856656 
19.000000 6.000000 24.865903 
19.000000 7.000000 29.113294 
19.000000 8.000000 33.614739 
19.000000 9.000000 38.359549 
19.000000 10.000000 43.281598 
19.000000 11.000000 48.203648 
19.000000 12.000000 52.743445 
19.000000 13.000000 56.219821 
19.000000 14.000000 57.834929 
19.000000 15.000000 57.834929 
19.000000 16.000000 56.219821 
19.000000 17.000000 52.743445 
19.000000 18.000000 48.203648 
19.000000 19.000000 43.281598 
19.000000 20.000000 38.359549 
19.000000 21.000000 33.614739 
19.000000 22.000000 29.113294 
19.000000 23.000000 24.865903 
19.000000 24.000000 20.856656 
19.000000 25.000000 17.057375 
19.000000 26.000000 13.434626 
19.000000 27.000000 9.953083 
19.000000 28.000000 6.577054 
19.000000 29.000000 3.271070 
20.000000 0.000000 3.040840 
20.000000 1.000000 6.109634 
20.000000 2.000000 9.233999 
20.000000 3.000000 12.440722 
20.000000 4.000000 15.754923 
20.000000 5.000000 19.198563 
20.000000 6.000000 22.787825 
20.000000 7.000000 26.528559 
20.000000 8.000000 30.408466 
20.000000 9.000000 34.384008 
20.000000 10.000000 38.359549 
20.000000 11.000000 42.157852 
20.000000 12.000000 45.490564 
20.000000 13.000000 47.966945 
20.000000 14.000000 49.228668 
20.000000 15.000000 49.228668 
20.000000 16.000000 47.966945 
20.000000 17.000000 45.490564 
20.000000 18.000000 42.157852 
20.000000 19.000000 38.359549 
20.000000 20.000000 34.384008 
20.000000 21.000000 30.408466 
20.000000 22.000000 26.528559 
20.000000 23.000000 22.787825 
20.000000 24.000000 19.198563 
20.000000 25.000000 15.754923 
20.000000 26.000000 12.440722 
20.000000 27.000000 9.233999 
20.000000 28.000000 6.109634 
20.000000 29.000000 3.040840 
21.000000 0.000000 2.782657 
21.000000 1.000000 5.586644 
21.000000 2.000000 8.432555 
21.000000 3.000000 11.339340 
21.000000 4.000000 14.323031 
21.000000 5.000000 17.394847 
21.000000 6.000000 20.558275 
21.000000 7.000000 23.804652 
21.000000 8.000000 27.106559 
21.000000 9.000000 30.408466 
21.000000 10.000000 33.614739 
21.000000 11.000000 36.577645 
21.000000 12.000000 39.094015 
21.000000 13.000000 40.928728 
21.000000 14.000000 41.884130 
21.000000 15.000000 41.884130 
21.000000 16.000000 40.928728 
21.000000 17.000000 39.094015 
21.000000 18.000000 36.577645 
21.000000 19.000000 33.614739 
21.000000 20.000000 30.408466 
21.000000 21.000000 27.106559 
21.000000 22.000000 23.804652 
21.000000 23.000000 20.558275 
21.000000 24.000000 17.394847 
21.000000 25.000000 14.323031 
21.000000 26.000000 11.339340 
21.000000 27.000000 8.432555 
21.000000 28.000000 5.586644 
21.000000 29.000000 2.782657 
22.000000 0.000000 2.503142 
22.000000 1.000000 5.021730 
22.000000 2.000000 7.570239 
22.000000 3.000000 10.161051 
22.000000 4.000000 12.803017 
22.000000 5.000000 15.499517 
22.000000 6.000000 18.245777 
22.000000 7.000000 21.025215 
22.000000 8.000000 23.804652 
22.000000 9.000000 26.528559 
22.000000 10.000000 29.113294 
22.000000 11.000000 31.443975 
22.000000 12.000000 33.379125 
22.000000 13.000000 34.769821 
22.000000 14.000000 35.494993 
22.000000 15.000000 35.494993 
22.000000 16.000000 34.769821 
22.000000 17.000000 33.379125 
22.000000 18.000000 31.443975 
22.000000 19.000000 29.113294 
22.000000 20.000000 26.528559 
22.000000 21.000000 23.804652 
22.000000 22.000000 21.025215 
22.000000 23.000000 18.245777 
22.000000 24.000000 15.499517 
22.000000 25.000000 12.803017 
22.000000 26.000000 10.161051 
22.000000 27.000000 7.570239 
22.000000 28.000000 5.021730 
22.000000 29.000000 2.503142 
23.000000 0.000000 2.208181 
23.000000 1.000000 4.426896 
23.000000 2.000000 6.665621 
23.000000 3.000000 8.931606 
23.000000 4.000000 11.228467 
23.000000 5.000000 13.554428 
23.000000 6.000000 15.900103 
23.000000 7.000000 18.245777 
23.000000 8.000000 20.558275 
23.000000 9.000000 22.787825 
23.000000 10.000000 24.865903 
23.000000 11.000000 26.705837 
23.000000 12.000000 28.208687 
23.000000 13.000000 29.276438 
23.000000 14.000000 29.831028 
23.000000 15.000000 29.831028 
23.000000 16.000000 29.276438 
23.000000 17.000000 28.208687 
23.000000 18.000000 26.705837 
23.000000 19.000000 24.865903 
23.000000 20.000000 22.787825 
23.000000 21.000000 20.558275 
23.000000 22.000000 18.245777 
23.000000 23.000000 15.900103 
23.000000 24.000000 13.554428 
23.000000 25.000000 11.228467 
23.000000 26.000000 8.931606 
23.000000 27.000000 6.665621 
23.000000 28.000000 4.426896 
23.000000 29.000000 2.208181 
24.000000 0.000000 1.902686 
24.000000 1.000000 3.812050 
24.000000 2.000000 5.733743 
24.000000 3.000000 7.671287 
24.000000 4.000000 9.624819 
24.000000 5.000000 11.589623 
24.000000 6.000000 13.554428 
24.000000 7.000000 15.499517 
24.000000 8.000000 17.394847 
24.000000 9.000000 19.198563 
24.000000 10.000000 20.856656 
24.000000 11.000000 22.304784 
24.000000 12.000000 23.473346 
24.000000 13.000000 24.296217 
24.000000 14.000000 24.721654 
24.000000 15.000000 24.721654 
24.000000 16.000000 24.296217 
24.000000 17.000000 23.473346 
24.000000 18.000000 22.304784 
24.000000 19.000000 20.856656 
24.000000 20.000000 19.198563 
24.000000 21.000000 17.394847 
24.000000 22.000000 15.499517 
24.000000 23.000000 13.554428 
24.000000 24.000000 11.589623 
24.000000 25.000000 9.624819 
24.000000 26.000000 7.671287 
24.000000 27.000000 5.733743 
24.000000 28.000000 3.812050 
24.000000 29.000000 1.902686 
25.000000 0.000000 1.590515 
25.000000 1.000000 3.184876 
25.000000 2.000000 4.786013 
25.000000 3.000000 6.394979 
25.000000 4.000000 8.009899 
25.000000 5.000000 9.624819 
25.000000 6.000000 11.228467 
25.000000 7.000000 12.803017 
25.000000 8.000000 14.323031 
25.000000 9.000000 15.754923 
25.000000 10.000000 17.057375 
25.000000 11.000000 18.183295 
25.000000 12.000000 19.083698 
25.000000 13.000000 19.713429 
25.000000 14.000000 20.037717 
25.000000 15.000000 20.037717 
25.000000 16.000000 19.713429 
25.000000 17.000000 19.083698 
25.000000 18.000000 18.183295 
25.000000 19.000000 17.057375 
25.000000 20.000000 15.754923 
25.000000 21.000000 14.323031 
25.000000 22.000000 12.803017 
25.000000 23.000000 11.228467 
25.000000 24.000000 9.624819 
25.000000 25.000000 8.009899 
25.000000 26.000000 6.394979 
25.000000 27.000000 4.786013 
25.000000 28.000000 3.184876 
25.000000 29.000000 1.590515 
26.000000 0.000000 1.274497 
26.000000 1.000000 2.550925 
26.000000 2.000000 3.830454 
26.000000 3.000000 5.112717 
26.000000 4.000000 6.394979 
26.000000 5.000000 7.671287 
26.000000 6.000000 8.931606 
26.000000 7.000000 10.161051 
26.000000 8.000000 11.339340 
26.000000 9.000000 12.440722 
26.000000 10.000000 13.434626 
26.000000 11.000000 14.287324 
26.000000 12.000000 14.964722 
26.000000 13.000000 15.436085 
26.000000 14.000000 15.678067 
26.000000 15.000000 15.678067 
26.000000 16.000000 15.436085 
26.000000 17.000000 14.964722 
26.000000 18.000000 14.287324 
26.000000 19.000000 13.434626 
26.000000 20.000000 12.440722 
26.000000 21.000000 11.339340 
26.000000 22.000000 10.161051 
26.000000 23.000000 8.931606 
26.000000 24.000000 7.671287 
26.000000 25.000000 6.394979 
26.000000 26.000000 5.112717 
26.000000 27.000000 3.830454 
26.000000 28.000000 2.550925 
26.000000 29.000000 1.274497 
27.000000 0.000000 0.956549 
27.000000 1.000000 1.913872 
27.000000 2.000000 2.872163 
27.000000 3.000000 3.830454 
27.000000 4.000000 4.786013 
27.000000 5.000000 5.733743 
27.000000 6.000000 6.665621 
27.000000 7.000000 7.570239 
27.000000 8.000000 8.432555 
27.000000 9.000000 9.233999 
27.000000 10.000000 9.953083 
27.000000 11.000000 10.566654 
27.000000 12.000000 11.051779 
27.000000 13.000000 11.388123 
27.000000 14.000000 11.560398 
27.000000 15.000000 11.560398 
27.000000 16.000000 11.388123 
27.000000 17.000000 11.051779 
27.000000 18.000000 10.566654 
27.000000 19.000000 9.953083 
27.000000 20.000000 9.233999 
27.000000 21.000000 8.432555 
27.000000 22.000000 7.570239 
27.000000 23.000000 6.665621 
27.000000 24.000000 5.733743 
27.000000 25.000000 4.786013 
27.000000 26.000000 3.830454 
27.000000 27.000000 2.872163 
27.000000 28.000000 1.913872 
27.000000 29.000000 0.956549 
28.000000 0.000000 0.637828 
28.000000 1.000000 1.275850 
28.000000 2.000000 1.913872 
28.000000 3.000000 2.550925 
28.000000 4.000000 3.184876 
28.000000 5.000000 3.812050 
28.000000 6.000000 4.426896 
28.000000 7.000000 5.021730 
28.000000 8.000000 5.586644 
28.000000 9.000000 6.109634 
28.000000 10.000000 6.577054 
28.000000 11.000000 6.974428 
28.000000 12.000000 7.287620 
28.000000 13.000000 7.504228 
28.000000 14.000000 7.615006 
28.000000 15.000000 7.615006 
28.000000 16.000000 7.504228 
28.000000 17.000000 7.287620 
28.000000 18.000000 6.974428 
28.000000 19.000000 6.577054 
28.000000 20.000000 6.109634 
28.000000 21.000000 5.586644 
28.000000 22.000000 5.021730 
28.000000 23.000000 4.426896 
28.000000 24.000000 3.812050 
28.000000 25.000000 3.184876 
28.000000 26.000000 2.550925 
28.000000 27.000000 1.913872 
28.000000 28.000000 1.275850 
28.000000 29.000000 0.637828 
29.000000 0.000000 0.318914 
29.000000 1.000000 0.637828 
29.000000 2.000000 0.956549 
29.000000 3.000000 1.274497 
29.000000 4.000000 1.590515 
29.000000 5.000000 1.902686 
29.000000 6.000000 2.208181 
29.000000 7.000000 2.503142 
29.000000 8.000000 2.782657 
29.000000 9.000000 3.040840 
29.000000 10.000000 3.271070 
29.000000 11.000000 3.466385 
29.000000 12.000000 3.620042 
29.000000 13.000000 3.726165 
29.000000 14.000000 3.780390 
29.000000 15.000000 3.780390 
29.000000 16.000000 3.726165 
29.000000 17.000000 3.620042 
29.000000 18.000000 3.466385 
29.000000 19.000000 3.271070 
29.000000 20.000000 3.040840 
29.000000 21.000000 2.782657 
29.000000 22.000000 2.503142 
29.000000 23.000000 2.208181 
29.000000 24.000000 1.902686 
29.000000 25.000000 1.590515 
29.000000 26.000000 1.274497 
29.000000 27.000000 0.956549 
29.000000 28.000000 0.637828 
29.000000 29.000000 0.318914 
